ALTER TABLE balita
ADD COLUMN lila DECIMAL(5,2) AFTER imt,
ADD COLUMN lingkar_kepala DECIMAL(5,2) AFTER lila;


INSERT INTO lila (umur, min3sd, min2sd, min1sd, median, plus1sd, plus2sd, plus3sd, created_at, updated_at) VALUES
(0, 9.1, 9.8, 10.5, 11.1, 11.8, 12.5, 13.2, NOW(), NOW()),
(1, 9.5, 10.2, 10.9, 11.6, 12.3, 13.0, 13.7, NOW(), NOW()),
(2, 9.8, 10.5, 11.2, 11.9, 12.6, 13.3, 14.0, NOW(), NOW()),
(3, 10.1, 10.8, 11.5, 12.2, 12.9, 13.6, 14.3, NOW(), NOW()),
(4, 10.3, 11.0, 11.7, 12.4, 13.1, 13.8, 14.5, NOW(), NOW()),
(5, 10.5, 11.2, 11.9, 12.6, 13.3, 14.0, 14.7, NOW(), NOW()),
(6, 10.7, 11.4, 12.1, 12.8, 13.5, 14.2, 14.9, NOW(), NOW()),
(7, 10.9, 11.6, 12.3, 13.0, 13.7, 14.4, 15.1, NOW(), NOW()),
(8, 11.0, 11.7, 12.4, 13.1, 13.8, 14.5, 15.2, NOW(), NOW()),
(9, 11.1, 11.8, 12.5, 13.2, 13.9, 14.6, 15.3, NOW(), NOW()),
(10, 11.2, 11.9, 12.6, 13.3, 14.0, 14.7, 15.4, NOW(), NOW()),
(11, 11.3, 12.0, 12.7, 13.4, 14.1, 14.8, 15.5, NOW(), NOW()),
(12, 11.4, 12.1, 12.8, 13.5, 14.2, 14.9, 15.6, NOW(), NOW()),
(13, 11.5, 12.2, 12.9, 13.6, 14.3, 15.0, 15.7, NOW(), NOW()),
(14, 11.6, 12.3, 13.0, 13.7, 14.4, 15.1, 15.8, NOW(), NOW()),
(15, 11.7, 12.4, 13.1, 13.8, 14.5, 15.2, 15.9, NOW(), NOW()),
(16, 11.8, 12.5, 13.2, 13.9, 14.6, 15.3, 16.0, NOW(), NOW()),
(17, 11.9, 12.6, 13.3, 14.0, 14.7, 15.4, 16.1, NOW(), NOW()),
(18, 12.0, 12.7, 13.4, 14.1, 14.8, 15.5, 16.2, NOW(), NOW()),
(19, 12.1, 12.8, 13.5, 14.2, 14.9, 15.6, 16.3, NOW(), NOW()),
(20, 12.2, 12.9, 13.6, 14.3, 15.0, 15.7, 16.4, NOW(), NOW()),
(21, 12.3, 13.0, 13.7, 14.4, 15.1, 15.8, 16.5, NOW(), NOW()),
(22, 12.4, 13.1, 13.8, 14.5, 15.2, 15.9, 16.6, NOW(), NOW()),
(23, 12.5, 13.2, 13.9, 14.6, 15.3, 16.0, 16.7, NOW(), NOW()),
(24, 12.6, 13.3, 14.0, 14.7, 15.4, 16.1, 16.8, NOW(), NOW());


INSERT INTO lingkarkepala (umur, min3sd, min2sd, min1sd, median, plus1sd, plus2sd, plus3sd, created_at, updated_at) VALUES
(0, 30.0, 31.5, 32.5, 33.5, 34.5, 35.5, 36.5, NOW(), NOW()),
(1, 32.0, 33.0, 34.0, 35.0, 36.0, 37.0, 38.0, NOW(), NOW()),
(2, 33.0, 34.0, 35.0, 36.0, 37.0, 38.0, 39.0, NOW(), NOW()),
(3, 34.0, 35.0, 36.0, 37.0, 38.0, 39.0, 40.0, NOW(), NOW()),
(4, 35.0, 36.0, 37.0, 38.0, 39.0, 40.0, 41.0, NOW(), NOW()),
(5, 36.0, 37.0, 38.0, 39.0, 40.0, 41.0, 42.0, NOW(), NOW()),
(6, 37.0, 38.0, 39.0, 40.0, 41.0, 42.0, 43.0, NOW(), NOW()),
(7, 37.5, 38.5, 39.5, 40.5, 41.5, 42.5, 43.5, NOW(), NOW()),
(8, 38.0, 39.0, 40.0, 41.0, 42.0, 43.0, 44.0, NOW(), NOW()),
(9, 38.3, 39.3, 40.3, 41.3, 42.3, 43.3, 44.3, NOW(), NOW()),
(10, 38.5, 39.5, 40.5, 41.5, 42.5, 43.5, 44.5, NOW(), NOW()),
(11, 38.8, 39.8, 40.8, 41.8, 42.8, 43.8, 44.8, NOW(), NOW()),
(12, 39.0, 40.0, 41.0, 42.0, 43.0, 44.0, 45.0, NOW(), NOW()),
(13, 39.2, 40.2, 41.2, 42.2, 43.2, 44.2, 45.2, NOW(), NOW()),
(14, 39.4, 40.4, 41.4, 42.4, 43.4, 44.4, 45.4, NOW(), NOW()),
(15, 39.6, 40.6, 41.6, 42.6, 43.6, 44.6, 45.6, NOW(), NOW()),
(16, 39.8, 40.8, 41.8, 42.8, 43.8, 44.8, 45.8, NOW(), NOW()),
(17, 40.0, 41.0, 42.0, 43.0, 44.0, 45.0, 46.0, NOW(), NOW()),
(18, 40.1, 41.1, 42.1, 43.1, 44.1, 45.1, 46.1, NOW(), NOW()),
(19, 40.2, 41.2, 42.2, 43.2, 44.2, 45.2, 46.2, NOW(), NOW()),
(20, 40.3, 41.3, 42.3, 43.3, 44.3, 45.3, 46.3, NOW(), NOW()),
(21, 40.4, 41.4, 42.4, 43.4, 44.4, 45.4, 46.4, NOW(), NOW()),
(22, 40.5, 41.5, 42.5, 43.5, 44.5, 45.5, 46.5, NOW(), NOW()),
(23, 40.6, 41.6, 42.6, 43.6, 44.6, 45.6, 46.6, NOW(), NOW()),
(24, 40.7, 41.7, 42.7, 43.7, 44.7, 45.7, 46.7, NOW(), NOW());

ALTER TABLE balita
DROP COLUMN imtu,
DROP COLUMN status_imtu,
DROP COLUMN bobot_imtu;
